rep,id,eta_ktr,eta_ka,eta_cl,eta_v,eta_emax,eta_ec50,eta_kout,eta_e0
1,1,-0.524580751630774,-0.519629683150832,0.739818513433895,0.0908919616406136,-0.048553439719921,0.305552262171759,-0.146540095561282,-0.101564952634198
2,1,-1.37565984839471,0.718146470494967,0.637210094525216,0.125964459048272,-0.336425106706724,0.385124302923605,0.00314845333933819,-0.00126448114062077
3,1,-0.262360159796375,-0.908626268881241,0.766829499115498,-0.00208950727544493,-0.18316979194418,-0.151302178452978,-0.131552229401288,-0.0730465504159345
4,1,-1.49505434365331,0.50328918249614,0.675085184740332,-0.00754355054396166,-0.00900307566256919,0.255972405856794,-0.0345217660714781,-0.0966236398133474
5,1,-1.24775357689242,0.116170475570381,0.718511334517703,0.0461734489038575,-0.268788787359737,-0.0260714659443541,-0.0924595314816061,-0.0572902390562177
6,1,-0.623227260158435,-0.601230207316916,0.837871910281988,0.011002564322041,0.151492064686492,-0.154518403244558,-0.0961698442006805,-0.0877360144438041
7,1,-0.731516385317222,-0.231715345109207,0.627391638776312,0.0271719356708512,-0.126973981776089,0.572910119733726,-0.0162985819845114,-0.113637560503763
8,1,-0.605349234540435,-0.350380038404265,0.668684331399708,0.113821014470704,0.0341162157205554,0.210130927422091,0.0238432350987691,-0.0593603228965902
9,1,-1.11713686534561,-0.490291816956808,0.695044341415216,-0.0383404707053089,-0.035583104994316,0.0160699544429549,-0.0557892801669281,-0.0500301296553663
10,1,-0.929065463327123,-0.307616650519391,0.738833337338489,-0.0106589642741018,0.0924862778185141,-0.23822712815224,-0.132838238958088,0.0132758063378203
1,2,-0.0387610400348052,0.00574902458210748,-0.0990729525654666,0.259994216744557,0.322627146731476,0.38981670571565,-0.061012831029227,0.0530420741357527
2,2,-1.03534393631386,0.0686794249580414,-0.18794452868682,0.159565704155159,0.406962636016111,0.497391108175987,-0.0656735444357786,0.0452323610742146
3,2,-0.584947877819705,0.0346465189392022,-0.22936383460752,-0.0489726108156542,-0.460287122646904,0.429239187173483,-0.0856486603413806,0.0439933308753925
4,2,-0.0705396829862229,0.242704444111683,-0.169634365673964,0.0154216841381093,-0.570120446967074,0.249136538637652,-0.121346595402885,0.0508608915761543
5,2,-1.50231966300181,-0.0850761789580603,-0.180251234981596,0.0897303413122833,-0.00110044174460615,0.36666056014676,-0.0369904097530467,0.0113483339924341
6,2,-0.814156567802356,-0.572766425070824,-0.195709950519775,-0.011367817329778,-0.893129094031998,0.297880611773231,-0.117868582547545,0.0364877999169971
7,2,0.359826742306417,-0.323142898364575,-0.167783840009774,0.0243227099257256,-0.135996406897654,0.427917808308107,0.0236548275004874,0.0874360925671575
8,2,-0.750517117372201,-0.43235444690488,-0.168350731972936,0.088498519103505,-0.0984424266337553,0.396250878857299,-0.162727969050972,0.0465729633318809
9,2,0.230148024912069,-0.858308631226303,-0.101191527318961,0.0925862464780411,-0.119934016169048,0.306382347338669,-0.126298846306308,0.0393153441910571
10,2,-0.700579645238988,0.185512888224207,-0.217565256938618,-0.0848863050777395,-0.344183693078163,0.40261919128088,-0.054966490611443,0.0377793165972526
1,3,-0.435651535581558,-0.186409546006137,-0.0730632071551208,-0.109516895828408,0.130341232525986,0.532184296287879,0.0569130131836093,0.0498092486012568
2,3,-0.547447187274537,0.154695657697719,-0.0317115288260908,-0.0823938953136734,-0.313500969405858,0.605269004850324,-0.0021831127794948,0.0267731808199775
3,3,-0.793371159824955,0.524951783536387,0.0209661064447258,-0.110027013141849,0.208475319157708,0.248758545083118,-0.0709094926879346,0.0342159274113988
4,3,-0.195379501574331,-0.181639415320541,0.0138936263502761,-0.00191165696835854,-0.500004900178471,0.311061520408784,0.0459829512655465,0.0199204948330114
5,3,-0.375637165567087,-0.0681423320634659,0.00357294216791055,-0.0239652339657235,-0.447750065143022,0.380187029352886,0.134184024023855,0.0284771440241639
6,3,-0.473061814937361,0.478740447262493,-0.0626031235752563,0.0186763479617822,0.0481467330266973,0.682943675906114,0.0935173036518377,0.0311740562563733
7,3,-0.811658475310871,0.506187182991303,0.00982848525633207,-0.120046758339149,-0.0872154447332551,0.323054947588283,0.058057817848616,0.062348286945432
8,3,0.159459313016584,-0.257467564499756,0.0343344990668226,0.0144258946172941,0.137413230415588,0.469743579559405,-0.0523164680151876,0.0321044705034957
9,3,0.46898552026766,-0.288263924557421,0.047617456601557,-0.0202421511740697,0.226029592716177,0.363513554805253,-0.0282628202125907,0.0770145440259419
10,3,-0.102080873771445,-0.314146721871555,-0.00429194983776231,-0.0682473739635865,0.372860844781852,0.502734421258745,-0.00653152628774796,0.0257795572111057
1,4,0.247213335111265,0.233698333170188,-0.0872408726106675,0.115877827090694,-0.0249364989699927,-0.870238804082786,-0.0422164378065557,0.0415676877571341
2,4,0.0988797416040909,0.22625002220441,-0.16360631807758,0.133185256505463,-0.279067710693159,-1.07877404994128,0.0128252942085202,0.0913719044823482
3,4,0.268577697961933,0.125255999451469,-0.20923325444558,0.124208277155636,-0.377365646194883,-0.762268505616675,-0.0239603501647662,0.00602002068951762
4,4,1.3566745693574,-0.395359604440561,-0.185877622219071,0.124541045785131,-0.138150691435297,-1.15753207686313,0.00346790614044118,0.000864274570136062
5,4,1.00653238681612,-0.571959015816679,-0.0862699124734853,0.14830675998939,0.236196126983679,-0.916997840737561,0.00817107982738837,0.0704580184315967
6,4,0.569983801010851,0.650399371851198,-0.101188956246612,0.178848085829978,-0.38301215190257,-0.651144832837796,0.0134506763728094,-0.068167337244306
7,4,-0.162486515698619,0.111164027918075,-0.26839216569395,0.119352381686633,-0.262369562703007,-0.852127169351402,-0.00133850647807932,0.026065871090373
8,4,-0.20843133739177,0.551398815358854,-0.330456900873797,0.10803534033861,0.324530462040952,-0.512823185297698,0.0401986074431145,0.0587091481758163
9,4,0.108327948169922,-0.0286286424920274,-0.267943749923307,0.149606882418495,0.243647259881629,-0.681398626705393,0.050671266391018,0.00270363343731599
10,4,0.0603638767721494,-0.0664817305036104,-0.230206161745437,0.0780940215844704,0.180401836315579,-0.855304833692981,-0.0865681661417023,-0.00310714998060439
1,5,-0.149442874377469,0.148477052330032,-0.625736167534039,-0.400894555568849,0.0929677293778113,0.276054720363438,-0.00403445913067083,-0.0635595220989398
2,5,-0.027873962730447,0.759473211333224,-0.532090103070288,-0.3704859464587,0.754783189364265,0.237090923649088,-0.0271507790564874,-0.0679624122736158
3,5,-0.673083056821573,0.703730779913074,-0.618664830092763,-0.427281692937725,-0.339468928583428,0.297508283665097,0.0194362753068111,-0.0645928782139143
4,5,0.00886365364900582,0.575888040560031,-0.500656066801773,-0.382182242122654,0.922765583220856,0.178863128372993,-0.0152074098797684,-0.0421062417254341
5,5,0.336802141394581,-0.113431804374667,-0.672245779084266,-0.406713526901287,0.0820846053125923,0.481769068436274,-0.00416541404204112,-0.0866667377611748
6,5,1.06522086039268,0.591943272115339,-0.624343315686266,-0.394330304022886,0.193366089055026,0.212565571914276,0.00234745708127483,-0.0615789874825682
7,5,-0.222041564562447,0.342453558384327,-0.538998214823522,-0.520579663753355,0.0680845669000228,0.125523008257226,-0.10632108141863,-0.100144130100863
8,5,1.60505576479039,0.399554954751448,-0.505484142417712,-0.408996256842353,-0.100921350026799,0.0106926073320686,-0.074937769888111,-0.0970383290215498
9,5,0.6583175452358,0.316650382286034,-0.562093440212588,-0.427919481207515,0.502744053201099,0.069358515864949,-0.0637750042623171,-0.0410120747514297
10,5,0.0566269932010038,0.507762521782418,-0.584866076317206,-0.487198389752366,-0.076196143074734,0.303247086573311,-0.123443227973098,-0.0898393789088971
1,6,0.259018486933882,-0.636568015407069,0.175403384914287,0.352517436848939,-0.367474933175459,-0.325879253544972,0.00736566632264742,-0.0214336225623763
2,6,-0.332645998809707,0.597447802122176,0.0299217736934534,0.413895316406808,-0.234414454964957,-0.363024161142249,0.0396135668405059,0.0327138647374857
3,6,-0.126317925806747,0.143367726796115,0.318843872370783,0.46473699933819,0.422553036804696,-0.724114708807668,0.019440711978209,-0.00575447589197144
4,6,0.169104622352312,-0.23281119109555,0.2100001982414,0.545150882104722,0.387426942405413,-0.387751662705,-0.00416273871823114,-0.017315316974999
5,6,1.90456650112251,-0.81625675663127,0.14467719859689,0.421630789621469,0.40294789454428,-0.525735207087336,-0.032283927480374,0.00997638926648978
6,6,-0.720521262672768,-0.24192581394184,0.0422100453553151,0.446549653938734,0.837680101099636,-0.234756697388679,-0.142343753944703,0.0124978022894313
7,6,-0.995327442459807,-0.183855601124669,0.253749767125494,0.326390633660754,-0.223926983180805,-0.789262410137841,-0.0271539947062084,0.028784821501153
8,6,-0.0300922105628923,-0.0233673805337089,0.0600993608765573,0.483234320736405,-0.653669801130713,-0.518074289130899,-0.0542493629892691,0.0474424142231184
9,6,-0.305659372952681,0.129886514579446,0.144335151417664,0.397348640453646,0.161598793016854,-0.824570939606499,2.84751311559993e-05,0.017128290194975
10,6,0.0689828196442309,-0.433915853608363,0.158098086288092,0.313864798216391,-0.293921875703543,-0.400001433951644,-0.0920737653970485,0.0137896143247879
1,7,-0.336027017583623,0.046396518543475,0.544430046525231,-0.369057743038568,-0.191403408223023,0.392624251427935,0.116544678396379,0.066251824775564
2,7,0.840291457220837,0.312613052212538,0.63315760474191,-0.366253908501674,0.241962239625306,0.147682616179631,0.0104006453936462,0.0771744559215939
3,7,0.891380549697465,0.942072412486131,0.54763191571112,-0.251525618751733,0.251830631587129,0.47419804766434,0.203103089945849,0.0967611786600078
4,7,0.120494943510495,0.081497552367371,0.577772327097565,-0.350923419604599,-0.22615110352852,0.312343809016924,0.14465007307375,0.0884634828431637
5,7,-0.334420835736203,0.983219924313999,0.695515898438698,-0.391511339255391,-0.971314458006945,-0.156846650727763,0.087331228622137,0.0557779385021057
6,7,1.82859501089743,-0.824927609413622,0.638651135343713,-0.460920849709235,-0.0277555268248447,0.283715050584145,0.136639015135836,0.0264914102526499
7,7,0.253338530660503,0.405048625158615,0.543234222701852,-0.320761339532702,-0.452936846901973,0.222642517099595,0.110359290825022,0.0877186217363206
8,7,0.554061576745607,-0.280709994767742,0.621228988643408,-0.322390484859373,0.0342676770219571,0.243549703953058,0.108600065387874,0.0447250564741571
9,7,0.22501371367586,0.000907401977790823,0.65468624297652,-0.381312696400395,0.0752547455161752,0.044212702792899,0.00977228477242522,0.0628652467712371
10,7,1.20857772653707,-0.118482597174968,0.663014797798119,-0.252926211389569,0.357174610845629,-0.00257997798920537,0.111962504226705,0.130755185854729
1,8,0.400138087954671,0.551520873223366,0.298507678966972,0.0127175642753806,-0.277868784312564,-0.290385254770624,0.0455172116755874,-0.0582479646044895
2,8,0.982313857554547,0.969273644974088,0.265375492040287,-0.0258631326773799,0.202356698996753,-0.115577165008268,-0.0685303382053343,-0.0712593878907443
3,8,0.438987313649436,0.10317999059371,0.250859236278318,-0.0629093059509924,0.125427258094485,0.100114068476861,-0.0982771462448475,-0.0617863394028145
4,8,1.25655822160674,0.449523910268305,0.323188851426369,0.00622598767463625,0.575406115093418,-0.111417105769482,-0.0151324163082481,-0.0604943760234676
5,8,1.10371783429625,0.647948190077334,0.241752111849487,0.0205146342889111,-0.144120813791528,0.0336215744165286,0.0126151951386556,-0.055171937351331
6,8,0.643050741818638,1.05132984875698,0.265202991773374,0.0552082966606106,-0.57638164042135,0.00154430423623422,0.0593000731337224,-0.118402119858522
7,8,0.77268066656227,0.727861375289939,0.294740740749303,0.0122557581118895,-0.81064062611792,-0.188716585650662,0.0249591235809266,-0.0385971943640293
8,8,0.410947113257427,0.910916779473791,0.253067568967316,-0.039524429848521,0.428583317683921,-0.016000784029248,-0.025311983079666,-0.0511828954939367
9,8,0.802951794812325,0.518419238097586,0.174588637243267,0.0873325091089862,-0.204122805823671,0.300894290777816,-0.0289086784524909,-0.090912885622203
10,8,0.667752900983948,0.474870127449962,0.245772680000367,0.0106696952981276,-0.318227513525729,-0.0214997043916141,0.0413427056768596,-0.0508002712018042
1,9,-0.427251783361745,-0.525916848019975,-0.237337458502617,-0.432605782954891,-0.11410304868409,-0.24547692067785,0.0746574455790995,-0.0188730367388062
2,9,-0.2761202019754,-0.180789517948338,-0.159595022054538,-0.311529944073928,0.522854546373974,-0.0987812739198887,0.0192011194842486,-0.0147740454895757
3,9,-0.539398950658458,-0.37031117692374,-0.190059053440513,-0.418157696604724,-0.113768581858598,-0.165805010678151,0.0693423808158844,-0.0632750620191748
4,9,-0.322538617712063,-0.516848249049899,-0.188203574473584,-0.340765219395334,-0.294976983417673,-0.0285122047089111,0.0525554624109162,-0.0252844127945503
5,9,0.163192671381526,-0.642933899553631,-0.364397509172366,-0.35513012432487,0.0743089932246573,0.158124349485415,0.0336266861689652,-0.0282768400876085
6,9,0.0329845749389198,-0.516971990555683,-0.24452650168181,-0.34305300489819,-0.240408827426492,0.025437444243533,0.106253033229995,-0.00617284525074056
7,9,-0.76559829501981,0.1364313150421,-0.132505426103376,-0.358440829231405,0.506249342258214,-0.21845051610732,0.0462698526068318,0.00281773208971407
8,9,-0.296807694313675,-0.515071565596164,-0.148013129935086,-0.346322196779963,-0.20399279057039,-0.131515264862741,0.00333958545213442,-0.0950191122315387
9,9,0.266742919923362,-0.753346832207533,-0.215265728591211,-0.365466239426947,0.437911431544336,-0.0175958272546102,0.049442666756393,-0.00395638921526442
10,9,-0.679073065318648,-0.0693816963253674,-0.13976101165256,-0.377274306142176,0.74698548757856,-0.095368648961262,-0.0719856104600495,-0.0463404305200964
1,10,2.04445235826298,0.695132245782243,-0.130413258814299,0.0838785986622702,-0.570202961594735,0.171238840746989,0.0312421046506708,-0.0158513684795157
2,10,-0.383960743946293,0.396679680892297,-0.146307914295224,0.143532095204182,0.709953714268655,-0.0132895884416115,0.00163916657410737,-0.0448032877938954
3,10,0.873480364607591,-0.158629915924643,-0.209264597437886,0.0754734919894749,0.035329478464486,0.0734726878838667,0.105953253347143,0.0148481965380838
4,10,-0.385205329910994,0.0932894149693936,-0.0936577449249388,-0.00111709659864129,0.379606232637235,0.0366597842683366,-0.00809249638948585,-0.0402302060732961
5,10,-0.220252858671647,0.188840873577654,-0.169040887228561,0.173939317358654,-0.337730694972668,0.072650119348872,-0.123151416628215,-0.0622850227974466
6,10,-0.385793606312681,-0.0159503541777903,-0.182088611703148,0.171398749720051,-0.326744550403811,0.00467109610277613,0.0140351735924486,-0.0778968855272575
7,10,0.471692227272172,0.630637030783379,-0.163989244901277,0.247425926160345,0.201593557886157,-0.0345237957117684,0.0478787841857123,-0.0184256345037748
8,10,0.0186251212569025,0.91023237216024,-0.0853415584685165,0.099628055040241,-0.235791669370369,-0.162132456393007,0.0101028247697465,-0.042965125662043
9,10,-0.375006864559445,0.361886451063956,-0.229979390335391,0.420707683578094,-0.336474639991754,0.0115518816249846,0.0618207047478806,-0.0572722804509782
10,10,1.31856066710776,0.644834208335446,-0.0754585137484078,0.180406976462863,-0.759945383442884,-0.122692443703876,0.0475716414664543,-0.0597755888177737
1,11,0.260706365224475,0.270582817120612,-0.0702973346217062,-0.0607587163665184,-0.200126805828645,-0.248988075492336,0.00329097594988036,0.0759074232403714
2,11,0.804485770390284,0.00619704195669829,0.0100578593581092,-0.00109286954799526,-0.143893882281434,-0.364396813395445,-0.0696810537304409,-0.0260832167936876
3,11,0.429368827452599,0.215677972104752,-0.037466494892458,-0.0387727785295176,0.292623739802636,-0.286461895689001,-0.0500744385708355,0.0482320253694211
4,11,-0.0939552194693132,0.600188997816246,-0.107841254721339,-0.0289499470959135,0.70102964517429,-0.22422449223514,-0.0157756579220678,0.00724953165686429
5,11,0.42674812618561,0.241805854350795,0.0276170658447521,-0.0163988400803272,0.239085185251924,-0.377668297429207,-0.0391315045554557,0.0491115167516791
6,11,0.654883362721282,0.519448507809122,-0.0317226673244639,-0.0023095991628786,0.413004927688832,-0.1516903251535,-0.0811767534773319,0.0192649832990723
7,11,0.34979713810226,0.616951108840407,-0.0336438056959835,0.0460618112810803,0.339929809410435,-0.128023967651288,-0.0534806467873152,-0.0238545494937727
8,11,0.40099251104557,0.4995606950717,0.0285004045616313,0.00389382622324957,-0.512474137488053,-0.691892098935449,-0.0819301523388169,0.00189430089071831
9,11,-0.187307143706107,0.771384028951678,-0.0149376557209575,-0.106521294607948,0.186713640964571,-0.286076713994881,0.00245595393598849,0.0290862385854341
10,11,0.642098456667308,0.494880070596247,-0.0500218642242892,0.0612364089867796,0.53054486214376,-0.0699003367197619,0.0188264007061972,0.00768805173820166
1,12,-1.32180287710884,-0.74999390369384,-0.0302041149026528,-0.206246444602494,-0.236543080660194,-0.0751931897778814,0.0752032536776201,-0.106674279967115
2,12,-1.20883492307343,-1.02942336331821,0.0208692167210472,-0.138198028360079,-0.145345661159777,-0.809001965708331,0.0701525185934103,-0.0271066644793244
3,12,-1.10153941032815,-0.867612556768218,0.0013347941217533,-0.135467621484526,-0.197239051163563,-0.652192631900343,0.180268996087414,-0.0812222587724117
4,12,-1.77022014568807,-0.588445796942225,-0.0158327399728438,-0.237163566004272,-0.536523455623361,-0.408777159431939,0.121324867060113,-0.0618108696679636
5,12,-1.04627023562516,-1.37667119429232,0.124604027474141,-0.298151435718341,-0.582801755220928,-0.62589742502898,0.0640494398643756,-0.0701200463917231
6,12,-1.45963159553835,-0.750846044338536,0.00452166940635843,-0.108921895345462,0.328842326664981,-0.242282142348504,0.0736721056484529,-0.0809614430880851
7,12,-0.974587687358986,-1.04675916334523,-0.00677382936456074,-0.126919119968038,-0.0486238622084039,-0.165152549293602,-0.00766086469740926,-0.0872339984090552
8,12,-1.33716224698586,-0.805022952253066,0.0677258194971015,-0.161841363011996,0.329209578440395,-0.490180629478163,0.0291793300147385,-0.129293682968359
9,12,-1.3526821805008,-0.777581602901538,0.0942734405758583,-0.214463620559074,-0.169439343733081,-0.0127634777797577,0.185836772195047,-0.109824115920012
10,12,-1.52885464059563,-0.715749449717379,-0.0146117930733627,-0.192406537125992,-0.0785538377852441,-0.759054979299063,0.00956672589242842,-0.0643945545478906
1,13,0.387589280407454,-0.197303277836156,0.313023254775673,0.187519964241263,-0.0211500915792913,-0.446516991738089,-0.120848080733419,-0.102604030956947
2,13,-0.0722681046674861,-0.210678820971838,0.199946843269042,0.142230740712733,0.192801380228955,-0.540338583606458,-0.106881084131446,-0.0243031212289781
3,13,-0.225332539722082,0.451427002247085,0.183403928908108,0.100077080870882,0.775811395072697,-0.284265858501217,-0.0664888503044779,-0.0660110110942709
4,13,-0.494113720245154,0.247670192064189,0.277860700357668,0.10049948403516,-0.386241238337732,-0.685414339801992,-0.083324342283734,-0.000756937590254634
5,13,0.293420470773467,-0.0946843211988317,0.289606792311511,0.096183048662052,0.0181602290717648,-0.782746979275572,-0.150910399112884,-0.0466297121182603
6,13,-0.40539683284999,-0.0147533419389232,0.214952804479275,0.0278198185927125,-0.384370446400239,-0.590744057417278,-0.132872993601009,-0.041106537296074
7,13,-0.40285326155294,0.2115154865379,0.358540657134852,0.198802299720182,0.0294970098326342,-0.83895069190288,-0.0895259818674003,-0.0536563456442033
8,13,0.364063180965222,-0.332496814600549,0.23234148610761,0.0786175371235668,-0.0106166188158004,-0.676627628160373,-0.0573991612325014,-0.0185615073367567
9,13,-0.920961046783212,0.817574017158071,0.227219527119862,0.160928001355212,0.483456287325933,-0.4596873784104,-0.0216396343372272,-0.0183721128015582
10,13,-0.156317351274603,-0.0925298089919504,0.187216965908672,0.144017329615563,-0.324827087747105,-0.636988619480905,-0.115383381034963,-0.0414348199924822
1,14,0.18003657478056,0.0996197988226987,0.203108386192933,-0.282489096965706,0.355350627251662,0.0426309745701373,-0.0721090305755883,-0.11034669843941
2,14,0.0273641506116759,-0.282893580456821,0.19548220219773,-0.340067877694086,-0.206734039449638,-0.297174416882432,-0.00455959206826959,-0.0441159027349092
3,14,-0.120402727250156,0.00907962763894124,0.0683527128926817,-0.357246353308766,-0.0144383248888683,0.265563204045765,0.025652818265082,-0.124362627273926
4,14,0.559900263074623,-0.0209861509461011,0.142688058280069,-0.216340176849889,-0.131621746944867,0.0968562959386048,0.0682906059848498,-0.0600445065065287
5,14,0.404897310605258,0.05475272732517,0.0628609855526734,-0.313027745207302,-0.140667326122996,-0.0962028010563064,0.00784243534200385,-0.0181194380229283
6,14,-0.0889600296728245,0.264359502013664,0.195321565954796,-0.270303578069048,0.157803177128529,-0.222909698081183,0.023374168635041,-0.0494748368599051
7,14,-0.179655009282522,0.156329316363659,0.0525092516773522,-0.375763554357391,-0.375083322129419,0.00416720574264218,0.0687323087925158,-0.0570399231971466
8,14,0.310262121961267,0.102761230066786,0.219830169001763,-0.247900372492276,0.0736232710331556,-0.280241512277348,0.000513171517219045,-0.0613913220931633
9,14,-0.252026157485891,0.111974135931785,0.178423890002761,-0.327611240163147,0.550812965223448,-0.0183655233031287,0.0142876651161405,-0.048148664320999
10,14,0.443713107405578,-0.281676163960922,0.166036145822444,-0.278687185100057,0.186274461824248,-0.100988253751529,0.00391181168951926,-0.0981317262029239
1,15,0.281984050641049,-0.0149269691046298,-0.293071983083872,-0.230833352367038,-0.0870912514288662,-0.132145304479351,-0.140282072938501,0.0595837096529497
2,15,0.422808889776696,0.340604068823178,-0.288126901340984,-0.102171795135351,-0.0489125897148473,-0.146661499703712,-0.0587697769490493,0.0152862728491731
3,15,0.359206844224337,0.626906388173678,-0.204104937971025,-0.239256041451582,0.480953160082618,-0.127690393427816,-0.0685787501105185,0.000894992179356291
4,15,0.405587625303676,0.800314672555002,-0.353786899515479,-0.170209194310124,0.237329629246705,0.00801223566840097,0.023545871979399,0.0753306236271489
5,15,0.614357764788067,0.019096235028807,-0.373755977274083,-0.147004788112651,0.454744740712153,0.131728121396653,-0.0827864541054667,0.0354073167191707
6,15,0.747814048145178,0.0105403880379049,-0.270524377690083,-0.250916510269986,-0.0124942763951627,-0.0800854425930649,-0.122318669627213,0.0254594885106745
7,15,0.157141053648688,0.495345718820723,-0.398300459968705,-0.149574303539824,0.189941705355396,0.113833903800642,-0.0410989126518478,0.00696257482945885
8,15,0.756974000362942,0.420587459270884,-0.293111646314765,-0.145184101190704,0.256032093508911,-0.28586444793013,-0.0507653105288707,0.0578854733541432
9,15,0.585587826454885,0.219209018711751,-0.18435364450401,-0.0798179246615766,0.116019204493088,-0.229216498222025,-0.0725128782108355,0.0470224049500739
10,15,1.24658298743165,0.354370996560287,-0.275804514380428,-0.0235618482602674,-0.224241559678151,-0.109327999207006,0.0525477107490432,0.059607501486221
1,16,-0.291347462632499,0.846248338609895,-0.319983587729334,-0.329517387645104,0.317376304414859,0.643702063120583,-0.0606438508212835,0.0444106768210928
2,16,-0.490784048592043,0.643172576828946,-0.2832576616858,-0.484453758197577,0.520622482167665,0.582117286819177,0.00700906180735733,0.0454605521274481
3,16,0.855730745545552,0.6759256810479,-0.245818695902654,-0.233014948211984,0.311794414824964,0.769462309828964,-0.0536152682133207,0.0292177540019858
4,16,-1.28384596850456,0.525857732790398,-0.356953087355652,-0.521104500441153,0.228559232349439,1.01267505663315,-0.0198087703531559,-0.0176142205935346
5,16,1.11380605390941,0.130884047455364,-0.348113930287982,-0.24522029787498,0.331751604036485,0.887432623411082,0.0349853887259764,0.0364344312500977
6,16,-0.191088164383707,-0.77280788415153,-0.256142569153383,-0.313394088766332,0.37053466085114,0.687220186630636,0.103841285666588,0.0470763737964377
7,16,0.885025454140602,0.231488768492843,-0.187485831800639,-0.285941507180754,0.0879694658997752,0.600319974085143,-0.156597054628863,0.0534918146793651
8,16,-0.480884314923747,0.134212710493075,-0.203613514997227,-0.298143717115686,0.254248883439709,0.603304633703206,0.0333217200148532,0.0507576606063171
9,16,-0.0184257592278153,-0.354351820771344,-0.210813983834638,-0.220876431035297,-0.362464530780338,0.733844607704999,0.0360751884315395,0.0268202475637664
10,16,0.358489798570861,-0.540731545256036,-0.415908814995273,-0.375465032115388,0.022394607807422,0.96584439291875,-0.045908217923651,0.013133749710418
1,17,-0.971332780745277,-0.447913148030676,0.188088932181512,0.386819211313428,-0.107296780042887,-0.388833165772407,0.0344156157770343,-0.0181700501045822
2,17,-1.27686223823172,-0.805665574417026,0.225344363468194,0.366096581305041,-0.496205281859174,-0.321979256819942,0.0305846808037751,-0.0426157287046969
3,17,1.5863191828968,1.29468922491059,-0.00171816189751978,0.252780325967236,0.395355559824918,-0.00560934797776783,-0.00776450987606538,-0.0206714508479876
4,17,0.277313586338663,0.311538199742298,0.0710172915509348,0.283395626733397,0.546738679692656,-0.268319118595555,-0.0163242869967447,-0.0109071277942929
5,17,-0.377109478392546,0.280585802586738,0.0872319558333321,0.426676618968538,0.721607209287579,-0.211710142202364,0.0321225697171453,0.0350523756964264
6,17,0.0766708709741986,0.0822787430748028,0.0644564653138172,0.254302867390617,-0.257726009394159,-0.518995305987696,-0.0373665160913697,0.0497537626842779
7,17,-0.520460931070433,-0.369649655499806,0.0933250119456247,0.420474703267578,-0.360617692672884,-0.449104537364562,0.140661378475086,0.076318342308659
8,17,-0.475061222767642,0.982136941658167,-0.100218019060854,0.33075636183909,0.276759030632663,-0.478864080751154,-0.168540251744316,0.0133520015517699
9,17,0.693551370024622,0.147923859717542,0.0543706262756977,0.0319429406287741,0.2766231894891,-0.295297528574148,0.00816247115985287,0.031197185133789
10,17,-0.515392329377956,0.463925495501431,0.10921900980112,0.387110378800736,-0.0515263565635503,-0.476467316924297,-0.105638854984358,0.0556552790334559
1,18,0.450440150846485,-0.585757807705475,0.307543740664115,0.142286107247613,0.360366117552002,-0.537469417237677,0.0365535809804733,-0.0134306566616068
2,18,-0.0639855670257048,0.365881941193143,0.106933611335056,0.0455517916340207,0.401535914089523,-0.136838259178921,0.0712436855390955,0.023068116736796
3,18,0.120204247026325,-0.200339688067548,0.301796997850819,0.058197972432422,0.477388266654115,-0.488621116868282,0.0500834797962014,-0.0225442243366478
4,18,0.350470343103568,0.790547034866772,0.284389949712635,-0.00448405264499707,0.559710754394144,-0.499120000088462,-0.0454130836608837,-0.019366038692355
5,18,1.10665761309403,0.190437364292557,0.324231004163441,0.0657565082397814,-0.498685103809144,-0.939030745567013,-0.135764989665773,0.0158846027597086
6,18,-0.0718740197926524,0.378234545633246,0.289850922573104,0.191905798815243,-0.179071010681132,-0.661027251056344,0.0299080363966332,0.0988877258472289
7,18,0.429527964587403,0.799720080776895,0.230965738650615,0.212945015308408,-0.566832996056424,-0.516029127429327,0.141898683855378,0.00201270763643695
8,18,0.947385065744307,-0.111370435115189,0.109492263260112,-0.0125379765056899,-0.0385693774950277,-0.279743646707766,-0.0225335481057243,0.0151158760283282
9,18,0.678782775428108,0.339681798008025,0.161382747141465,0.0777655954417704,-0.228109743365709,-0.681806837904949,0.0847565692771772,0.0877865138799851
10,18,0.346005447998029,-0.153373013311734,0.404810478224601,0.323530715890499,0.245318668878686,-0.632420385023647,-0.0198830377133535,-0.00272511497693968
1,19,-0.806259447797663,-0.582484735723202,0.281983378027971,0.484374278604102,0.271560061629287,-0.591138468988535,-0.0575693784244567,0.0271748718728547
2,19,0.360161277859895,-0.65900124233898,0.208693185325764,0.3446038861764,-0.546801479282766,-0.626811200440644,0.00189113111515074,0.0519574679357051
3,19,1.00524121219261,-0.410506357483611,0.0826834633451575,0.180427392763014,0.531730880380757,-0.34322990473826,-0.00451487573215959,0.0266011483042234
4,19,0.351637008665264,0.291362348484208,0.219161122722412,0.216405509824601,-0.224180677985154,-0.789695510067652,0.00768596104581738,0.069644173518615
5,19,0.413307173760427,-0.0782268988087624,0.17437549470986,0.17455476870434,-0.0888617685621063,-0.551521961829667,-0.186595296203597,0.00646323166788678
6,19,0.433276688091462,-0.348093514413876,0.192083454555473,0.278795017639657,-0.0608849688705068,-0.498441775114155,0.0397983868983236,0.0860463802297064
7,19,-0.639740947970666,0.151708076119905,0.201558876819442,0.438164505510445,0.594979336955187,-0.52786872222158,0.0311383193089091,0.0431198274731847
8,19,-0.445394802439142,-0.501013917235963,0.19783883087929,0.157197646622182,-0.449916919664041,-0.357816280602529,0.0853273086314099,0.0360917350512121
9,19,-0.761465896614428,-0.286638659961012,0.265589122464886,0.311575113585733,-0.0080619270402868,-0.726015004280655,-0.0538645452383434,0.0179753030304451
10,19,0.493416885968919,0.160815796346333,0.220075802669229,0.316638158709922,0.691691809744506,-0.579768596974402,-0.0794504674133666,0.0483161850695192
1,20,0.270522964863058,-0.253679554319022,-0.271455860405539,-0.0691155831806442,0.119597178254798,0.366448369352083,6.93777435998924e-05,0.0372681189546872
2,20,0.648740088628117,-0.607892737793968,-0.373253117133568,0.121486953987374,-0.580635597018225,0.200634913715385,-0.0314671871726221,0.0200189479330732
3,20,-0.647161683937761,-0.378455095234755,-0.278772294258791,-0.00062688433867028,-0.353157157956206,0.302021170616945,-0.0388910318029448,0.0323126317443657
4,20,0.957520608240504,0.595655796515025,-0.338925627592182,-0.00135092457616652,0.250470591441647,0.407767224563651,0.0887359961997219,0.0179609345885715
5,20,0.31699865284315,0.525577650997274,-0.313188341553276,-0.255142081023461,-0.0267540842544067,0.189432410845506,-0.0712249958384715,0.0439749254155858
6,20,-1.92212578352581,-0.636240462250472,-0.167512527748705,-0.0885512699983404,-0.49186056718217,0.121630854868881,-0.000905415591786529,0.0405210622925698
7,20,-0.612634498402165,0.319479919931634,-0.361700669744355,-0.0732310222772267,-0.343582928629478,0.284075409229732,0.0203724437167949,0.0350269271614146
8,20,0.0902410831147394,0.414801585771504,-0.40734135820008,0.00697082488253042,-1.02855448303192,0.224166595497538,0.0227565250654619,0.0279391093349069
9,20,-0.0361288977500063,-0.418340233041166,-0.327320357803644,-0.0396839361066717,0.236611922510714,0.203599149365371,-0.063527072960026,-0.011056686811067
10,20,-0.90331564485636,0.00204330610052733,-0.287191872334911,-0.151209436243679,-0.765225142275972,0.285598905260914,0.00416553239784745,-0.00511500261606634
1,21,1.1343052299766,0.473788598938038,-0.0481495129208315,0.233859054085713,-0.109133493774426,0.718393330144837,0.197311980182384,0.0256871734322652
2,21,-0.507977111302034,0.215435161653303,0.0391317856980167,0.262605354906424,0.229626952690249,0.447721469802547,-2.89101777377065e-05,0.0164673208088963
3,21,-0.924657418999154,0.68614759490599,0.108618446490995,0.271114155333166,0.0275132402990964,0.27295098274682,0.0628213572731996,0.0257131531026105
4,21,-0.192495651595237,0.150184501994979,0.0507694593116989,0.044490118157195,0.436401490829767,0.389285696991465,-0.101060211481137,0.0339233174085879
5,21,0.59552997545566,0.394136454129205,0.0372268620701257,0.229733040783049,0.0793553007552137,0.468220097676244,0.0632246969393426,0.0254584704739279
6,21,1.53235349203289,0.056363745560654,0.104397197318426,0.130521051399094,-0.077679133486131,0.25552853232671,-0.00642290509162269,0.0485611531890104
7,21,-1.00827361578454,0.0770749791878743,0.104467207424074,0.221479334717789,0.0055936035718176,0.249675154755352,0.0851054953534355,0.0771052808468491
8,21,-0.591846122374062,-0.0885389055615189,0.221419927915198,0.137283720609036,-0.109632942764726,0.0692417507212145,0.102058258341585,0.0892782806291988
9,21,-0.282970723791425,-0.279569983722326,0.320861884849168,0.189271787926838,0.394884952181596,0.1046584689758,0.0091117243666947,0.0275081379432233
10,21,1.22305078847138,-0.915164422415041,0.0377417359203795,0.185089852899133,0.140152942821293,0.470580134920234,-0.00830242005190462,0.0224151537435813
1,22,-0.205231195736459,0.494559376904503,-0.220468185063723,-0.192174255988798,-0.374105860624916,0.615977423359448,-0.0037434661604383,0.0356426335326534
2,22,-1.57163914941838,0.374008780012038,-0.263311563156896,-0.13923720566988,-0.66678479015307,0.777910417362833,0.093904587534318,0.0011783621462474
3,22,-1.08265067493761,-0.484013356435508,-0.208019254185796,-0.271492354373936,0.39728458095963,0.62091858057533,0.0306862473743455,0.0091298272789516
4,22,0.394060344920608,-0.413584503927262,-0.170765075375674,-0.174560049756088,0.467920272104172,0.394727889624283,0.0156433949958956,0.0238699783518336
5,22,1.21052688892531,0.381674670072217,-0.377087005152807,-0.357534288795476,-0.675309805023182,0.531702529836819,0.0759566206208803,0.0772780338578333
6,22,0.248601170003029,-0.129972065357821,-0.322221307727559,-0.282361125758427,-0.121186718269606,0.711694241834832,0.143646277284467,0.0267997003481643
7,22,-0.770384834608187,0.50008235911845,-0.183806767305418,-0.154034955324085,-0.21316964975664,0.594848011593998,0.0578524832982681,0.00754233463365523
8,22,-0.458794245254549,0.127811893205448,-0.243736777866736,-0.272920023376841,-0.71938092155111,0.405950426102432,-0.0248060273673664,0.0434265205361789
9,22,0.9799427848386,0.0243126650472294,-0.24944260511885,-0.286320311485685,-0.583281376245252,0.493241882742515,0.0936739232782017,0.0161885963152282
10,22,-1.26709126831195,1.14081251928065,-0.318414360911505,-0.258243412689503,0.292333444838817,0.697116418913402,-0.03185057627911,-0.0725553835129465
1,23,-1.25073627115191,-0.479136042469159,0.028917218874649,0.0167456231994204,0.588527002974771,-0.372191756655965,-0.0223043645409866,0.00106224817255412
2,23,-0.125106897134832,0.419087897284403,-0.110032809816451,-0.0541439032829417,-0.0968161442363056,-0.186045760042325,-0.0544169100648579,0.0293814143555274
3,23,0.194173926376577,0.108202820067446,-0.163275646130273,0.0360677086309244,-0.0478491723156502,-0.313519943215652,0.000815269921121964,0.0470796600395524
4,23,-0.431456546904245,0.32773481338808,-0.0918454970384282,0.0585587242201576,0.0903239254161221,-0.135937593154698,-0.00521918696921291,0.0438726182868211
5,23,-0.0214379155058706,-1.12897649088132,-0.0223067880475176,-0.0481421259099925,-0.0211923311523678,-0.297588627939828,0.0106208145266585,0.0393664971081943
6,23,-0.442597847404788,0.356984652743381,-0.0776764706279279,-0.0281976356282952,-0.0248501314152638,-0.281732685328709,-0.0203500107153444,0.036203440205921
7,23,-0.291492629024183,-0.344626285142869,-0.0425950298032057,0.148968788352941,0.471586911969595,-0.332972153503572,-0.0376198847688304,0.0505113038957482
8,23,0.0659293766659646,-0.133954697180033,0.00672376494337149,-0.0654208160837752,-0.252420453793659,-0.405972490187682,-0.118669280342242,-0.0054191761891326
9,23,-2.38949179461737,0.0629398404442886,-0.0577913056490039,0.0287385100080023,-0.200422027060114,-0.274121566468047,-0.0168434119905205,-0.0389163451847605
10,23,0.421380285952159,-0.135133157372093,-0.203021884963183,0.0357540356204725,-0.0804428806360567,-0.111296744353236,0.0199256945934542,0.0105637084630048
1,24,0.582154331825327,0.539351929822903,0.00382000073538812,0.168412942784994,0.302082326309756,0.593609971951014,0.0054461160972986,-0.0726275805802987
2,24,0.0778579421584479,-0.248672451123197,-0.181788045119821,0.224514971951778,0.52872621899791,0.832855520101483,0.218304622987015,-0.0392096224650979
3,24,1.55979215410912,0.119349587112374,-0.161042299230445,0.212601262277163,0.559524552667032,0.546004785488808,0.0358113375307318,-0.0185896052203411
4,24,0.201057738818036,0.0642594157572007,-0.173483765148492,0.18810709492941,0.132137636916291,0.762254702388687,0.0710495116517089,-0.0794968959935309
5,24,-0.961480374802755,0.466890835061734,-0.129098680736383,0.294791984276222,0.262785897272242,0.780470149588335,0.153935327694479,-0.0250098794424592
6,24,-0.0639729047822929,-0.42911420649183,-0.182568603028363,-0.0602537031459476,0.216726745311816,0.863008997553231,0.0509414555790664,-0.0268087315074581
7,24,-0.740125058738067,0.914226192345863,-0.109102187760771,0.166534877758901,-0.0581865879065108,0.686014953598386,0.0665006114885609,-0.10491522648429
8,24,-1.07660869233763,-0.168170393409582,-0.0610999518734281,0.22026712987552,0.609028397310671,0.623348522038721,0.217019230844409,-0.00568447737540539
9,24,0.132415292986017,0.593824564340364,-0.222763257847724,0.00431058507263217,0.300545096106462,0.771922299562785,0.168298078261701,-0.0967631377758793
10,24,0.290713395150397,0.680311731251998,-0.159344701137427,0.223890645766037,0.131977377515813,0.577916572773167,0.15295396891774,-0.0233224324615488
1,25,0.590646156432071,-0.145644189456237,-0.324790341828582,-0.20136060654212,0.00325283703300216,0.163692314854862,0.0637187623205622,0.0229336232386185
2,25,-0.713635134180548,0.110701127954959,-0.264616570217408,-0.166672644199418,-0.230630673609818,0.247646338683398,0.056599068184666,0.000510593016565702
3,25,1.32159280217034,-0.355423572960089,-0.176603228565109,-0.194700395261085,0.501427169399672,0.087770179549082,0.0475234201865851,-0.00430706994868335
4,25,-0.00187972154897198,0.450165996460889,-0.236994542250435,-0.132507133395557,-0.515523868386742,0.0987935324528788,0.166135097895789,0.0169495026069668
5,25,0.0806004641389217,0.66153694173236,-0.195226492898508,-0.0180321740786334,0.348791416169122,0.17234357616312,0.0341237159417006,0.0332897438884476
6,25,-0.354308948526996,0.163747938248549,-0.285084202984666,-0.132545990129297,0.0715273512672452,0.248953625430806,0.0236103428240079,0.0292361959523456
7,25,-0.55825697253747,-0.539000264579658,-0.130984458892238,-0.162993484565002,0.78336437350017,0.0990032212167188,0.124611549200543,0.00435543359526292
8,25,-0.733894558950836,-0.0158336271946261,-0.121266515567414,0.000729370417237502,-0.568742478233758,-0.233652398957996,0.0287978216413229,0.000931264866900098
9,25,0.263762334749693,1.0073521032927,-0.281719506095641,-0.0861741670306933,-0.0403825792028016,0.260162750766045,0.082594153864762,-0.0211657402755085
10,25,0.0357782303019619,0.747638274531336,-0.224981964517671,-0.00719530836196389,0.379935926232571,0.321184606105156,0.124542339507271,0.0101571185560513
1,26,-1.1823624368804,0.558135418200151,-0.108954366995405,0.187853262572615,-0.180993207506104,0.0105305263922408,-0.132182546544875,0.0174615960091503
2,26,2.11371506306254,0.250742566053196,-0.119165467819629,0.141478404906786,0.19447918831397,-0.0278535326600421,-0.0602464057848077,0.0353080233086326
3,26,0.81023293933115,0.109555008391147,-0.153159681732052,-0.0714503111302916,-0.38251712705145,0.0886157051687882,-0.103863950795312,0.0209775063601844
4,26,-0.523950435080949,-0.0319428343631699,-0.117517440032701,0.161588276926403,0.0527786513767737,-0.45997686298815,-0.154171072414572,0.0611731191748108
5,26,-0.275000309951826,-0.0499657183529573,-0.0911810209817673,0.074516590015449,-0.301519002603191,0.00427699195148304,-0.12459053029526,0.0387359089391102
6,26,0.921903798888998,0.684473648486896,-0.127337929679348,0.0314118048109127,-0.321583644008831,-0.18317364576136,-0.0412149499899905,0.0588666745988095
7,26,-0.639995625123374,0.045309069038434,-0.0762687125214779,-0.0246227433620749,0.461977675020348,-0.119943977280076,-0.0845513478208277,0.0709152455359758
8,26,-0.178611846969037,0.00347735721147421,-0.0821754581592583,0.175577395411317,-0.479819113324433,-0.307232824783397,-0.0489740941259969,0.0140118705179845
9,26,-0.481531577241645,-0.752382962975214,-0.0615994420980571,0.00336521229855932,-0.729191611394933,-0.115304522114462,-0.105581243175933,0.0352479739657392
10,26,-0.669731714209063,-0.437683866005446,-0.0943512625837431,0.233536072010304,-0.434466940463984,-0.0338726010998853,-0.0773342170148974,0.0344818398363244
1,27,-0.659730789341027,-0.722475427419733,-0.127215289705448,-0.224695061355629,0.0650849978153193,0.518349047421328,0.0751355972816378,0.0954620136262355
2,27,0.960302448299547,-0.102637280561958,-0.181226358074873,-0.190692891868641,0.106076011591763,0.656608368639871,0.0639295767443063,0.00866391093593488
3,27,-0.350987433384327,0.266770259177984,-0.0525946469109658,-0.104922052489444,-0.242004226595023,0.445573204207503,0.0307227599997987,0.0078946537401818
4,27,-0.16055962267647,0.284147732068769,-0.117339320219885,-0.13356160979356,0.359314724982753,0.617864628634564,0.187085085897803,0.0202196872296362
5,27,-0.489687759429297,0.793949568092492,-0.0834282769432077,-0.121695710078885,-0.271683832879973,0.568348740823896,0.0604704547910299,0.0507749475256868
6,27,-0.249272437424393,0.477079154048023,-0.0617944354004946,-0.0999592038443045,0.408060301253727,0.735229833187269,0.0893774859809048,-0.0536509303318532
7,27,-0.887182048006963,0.191068100254055,-0.026480495099237,-0.180382755121474,-0.197883540163515,0.577337962091214,0.121040349353456,-0.0167748504909671
8,27,0.552888633650946,-0.849839542657933,0.0496726399411264,-0.152838847984252,0.766193905816706,0.486673644170719,0.0515371386971289,-0.0497815710525957
9,27,-0.382869234629418,-0.20248097000863,0.0694451036547859,-0.0795283813091925,0.249009015514032,0.401434382083142,0.0933578331850519,-7.5339708503052e-06
10,27,1.13821240929872,0.703332639668654,-0.0875907053264711,-0.187370240656777,-0.339199724078212,0.657265840936109,0.118911357818,0.00969503402680214
1,28,-0.666140427715538,-0.847776537116427,0.0849636143186922,0.210156227700328,-0.16394483349893,-0.657051963806368,-0.109159062869528,0.00860323681409085
2,28,-0.892851996466781,-0.165502453517103,-0.0215829422688281,0.279406472383776,0.154615520260262,-0.248149086611803,0.00428954592982277,0.00454052885916035
3,28,0.898045020296738,-0.80687232944463,-0.154456484048256,0.0502750784514457,0.18648888830355,-0.173470911043425,-0.122356107224626,0.0301321098009155
4,28,0.0723282314646536,-0.0522620144990938,0.0326435635060788,-0.0334761439568749,-0.490972829356381,-0.574879339653957,-0.125760069620234,0.0551803934473641
5,28,-0.225042702476345,0.0551181823287096,-0.0458987979067557,0.0750705775852447,-0.160381542023176,-0.395459331740758,-0.0392989713163796,0.0368099850121824
6,28,0.305403615901027,-0.646887821887496,-0.0111568080240294,0.246566647262446,0.6116564804658,-0.238103120358383,0.0336328937373686,0.0307870970486796
7,28,1.32990001256949,-0.649314585879412,0.0799117935092694,0.260009924715409,-0.00955029552308231,-0.357873953280152,-0.0665192827640605,0.0382335718516552
8,28,0.52279829703562,0.234199248491867,0.0159514199997041,0.300855463528495,0.124903736238201,-0.196490547146504,0.0351692249584935,-0.0314191656745567
9,28,-1.00949230325419,-0.392183410414853,0.0267780871017198,0.215601918285721,-0.153380597569126,-0.382135365022368,0.0258058286895168,-0.00793153669391089
10,28,1.37312305106586,-0.239399617855759,-0.145143403455251,0.324581144006347,-0.316446801227249,-0.0265068496694628,-0.0320887056325848,0.0146333230536245
1,29,-0.362252090109983,0.426973741415151,0.254371013506068,0.394077498037133,0.0556975133846914,0.630418365748328,-0.0027912017127019,-0.0707804225475546
2,29,-0.114535159169334,-0.352892410439008,0.383868020198745,0.3869383946929,-0.485906950019236,0.276477206626712,-0.0243706990412938,-0.026466424300788
3,29,0.847835443293532,0.598691097395831,0.360878417534763,0.577676700901404,0.390867209090784,0.326059014358994,-0.054253894071751,-0.0854823707783959
4,29,1.3184549924826,0.0543849240156635,0.384646371369422,0.289751650805527,-0.274199135670712,0.457956473895576,0.109082684865544,-0.0710168153924965
5,29,0.63413394508021,0.339708232894105,0.344095831868081,0.27376614329343,0.429979641298416,0.173558822371388,-0.0156822887552287,-0.052486140052628
6,29,0.26564302789162,0.322728809453464,0.286987859551424,0.182975166471943,-0.0609062000985683,0.457385438181011,-0.0570923627899553,-0.0763782567906259
7,29,-0.419634826111552,0.915543322727262,0.276691529891827,0.182539875441206,-0.249268479733919,0.502523848351945,0.0579493940949575,-0.103706736196063
8,29,-0.115359111726794,0.806722636542972,0.432996978977282,0.383776910767966,0.0407539172207054,0.165809316259,0.0344456124194272,-0.0644494092555999
9,29,0.741506712022338,0.201204093666166,0.320732406831853,0.483252574786048,0.225275133284338,0.416719647021214,0.0615276118263415,-0.0473867775933977
10,29,0.187824842984282,-0.131352031743724,0.390393261406928,0.265679816490962,-0.130735707421578,0.139221011336775,0.0116715192590265,-0.0748071322373195
1,30,-1.56539738545987,-0.170853607563964,-0.0234676449284766,-0.0166329677136596,-0.0236149000529371,0.369356124240536,0.0406042092833657,-0.0101396605908476
2,30,-0.507720031043765,-0.0666953059070968,-0.00195821199127799,0.0924242759156192,0.0548306749999372,0.393401230706007,-0.0483412689794244,0.0663552191026938
3,30,-0.52936521038487,-0.148669409907833,-0.285455907015794,-0.162173828899215,0.0276434447702998,0.566946704124068,-0.0232605534973123,0.0259523623468707
4,30,-1.43094567820183,0.373983127210918,-0.059127445002165,-0.0774266646251367,-0.00776612615911124,0.511120197491741,-0.0444954679593779,-0.0183559216678547
5,30,-0.273473161083401,-0.377724036057883,-0.0795921641532494,-0.020172025930512,-0.442908708353988,0.448877731327486,-0.0041656678390161,0.0427248345370749
6,30,-0.656295115274262,-0.281834720036533,0.00555151660913443,0.0653846930678739,0.0900166957891946,0.296401887716723,-0.0341379507032255,-0.010626403355888
7,30,0.160852338630665,-0.451742268570119,-0.162094038741758,0.0196196612154214,0.491260622426569,0.570992461447304,-0.000251804118435936,0.0200448248044949
8,30,-0.704349496161158,-0.778601459702223,-0.101968199798261,0.00709935229331525,-0.222438801156268,0.372294186761423,-0.0515641779978732,0.0273463472487099
9,30,0.701439742720745,0.0591679237934127,-0.194269380174678,-0.122112762587237,-0.333398359999595,0.522073232597634,-0.0405452940092777,0.0922866012719349
10,30,0.62006350260349,-0.181051137157481,-0.0531768718952793,0.135529633946628,0.282715935254224,0.282600665945393,-0.0304516988338406,0.0446897509164309
1,31,-0.819208134880223,0.552442024362784,0.0836524566067617,0.227514056519992,0.540663436669682,0.516883761852098,-0.0896710456271615,-0.018412144839692
2,31,0.518803694065916,-0.0210636425459732,0.221071277116618,0.0655602070842449,-0.147803541310143,0.145124104638218,-0.160595812768528,0.0445362177112099
3,31,-1.01294201857957,-0.294228006142218,0.0155705232403332,0.0904584035865358,0.287430404070958,0.521519494749253,-0.0917631619865528,0.0290444918611248
4,31,-0.364348417147525,0.494797299039892,0.134367381300096,0.146709522603524,-0.398602627717229,0.253844772989018,0.0249119368549935,0.0432406699219048
5,31,-0.402939967942501,0.633909442417934,0.00938493181772501,0.168371602579716,-0.568706131499026,0.360167346894037,-0.0132031954845203,0.0374553674538837
6,31,-0.459835317978838,-0.475803423184172,0.081983634458731,0.243062847286178,0.610214216883188,0.434852195854383,-0.0749360298853396,-0.0367825307177225
7,31,-0.735725790964504,-0.0580776400557529,0.127981046726151,0.242813603617462,-0.168363378762042,0.356761835056314,-0.0406356363834838,0.055390772578908
8,31,-0.175938027384638,-0.52342352110683,0.0857078277060423,0.0363209104265416,0.571539230666006,0.355749883081905,-0.0228717209686952,0.00803700563704951
9,31,1.14530980207474,-0.358366704872198,0.00281913471630576,0.00017191578900954,-0.304424266848323,0.440874843578528,-0.0629893772685911,0.0647081769771699
10,31,0.735563824844596,-0.396288628531469,0.120447248708967,0.245035643275287,-0.417781805369702,0.537645198870144,-0.0231996879490345,-0.00133735388294652
1,32,1.33443057809303,1.38540092984619,-0.183726051515089,0.0129018909189217,0.347991238856637,-0.301727598148135,-0.0505084904181625,0.0398911429321162
2,32,-1.07661995178977,-0.788750006560414,-0.15305618895279,0.056037035959133,0.216546911338084,-0.309960287373483,-0.0355477162411125,-0.00794342659579496
3,32,-1.20265933380963,-0.773458341727068,-0.174578476438692,0.203154981468316,-0.725646495325868,-0.111536765038631,-0.0720147115835503,0.00411814534441371
4,32,0.671933522837838,0.0314083189283148,-0.275182137852146,0.0352571934535588,0.10895420468622,-0.290340604041379,-0.0995968239990139,0.0289878632318056
5,32,0.433830020986331,-0.66312976400468,-0.298149541270943,0.108022327913477,-0.129714270623966,0.124170042591364,0.000931876645830824,-0.00818139803612514
6,32,-0.0790203641946501,-0.167222540585429,-0.339221130772554,-0.0139941608828284,0.238749524133916,0.17438015849769,-0.089068283410452,0.01133366074284
7,32,-0.669485850708215,0.327534947061454,-0.291826455648174,0.201338085610247,0.756534638893229,0.0352679865186307,-0.0320041448134665,0.0257685312974846
8,32,1.2201832769016,-0.263991122241235,-0.194408150469811,-0.0826063527732263,0.104974133370725,-0.12794584998479,-0.0503381028370532,-0.001547682107137
9,32,0.720232330021419,-0.0731944438918655,-0.341798079778659,0.149841296096582,-0.207929432669233,0.0200143090331426,0.0189041708992682,0.0396325490156896
10,32,-0.491133613833093,0.0764781471730326,-0.318823541959357,0.0880998456501925,0.184784692445642,0.0139440468340965,0.00178366747676065,0.0499253107015247
